1.253190106829721318e-01
1.261445126062791244e-01
1.269645241255256407e-01
1.252608116934950111e-01
1.327318652032207225e-01
1.284423624902253369e-01
1.241781223624441044e-01
1.244898123695076242e-01
1.264206915588563240e-01
1.209605027386297937e-01
1.293145937609314622e-01
1.210062253293952839e-01
1.231602663053716629e-01
1.191378441340096850e-01
1.350451606936408089e-01
1.188833607774054113e-01
1.294338872437019727e-01
1.264520637587081553e-01
1.297317576268204320e-01
1.335453540172322762e-01
1.251990442497754874e-01
1.238531680316527356e-01
1.309568341058231500e-01
1.256794613495333945e-01
1.267414172846521581e-01
1.238421197250983430e-01
1.213618590437039596e-01
1.266042024061856675e-01
1.270201134914853425e-01
1.206388417190749351e-01
1.220981564266350600e-01
1.258743578942529417e-01
1.244095020710503374e-01
1.260108149748867534e-01
1.220664043042792302e-01
1.214751320323922829e-01
1.284381481971976491e-01
1.268431057599958278e-01
1.236694111116889011e-01
1.263502727289939898e-01
1.192455141960546972e-01
1.233515018397994961e-01
1.256287252344823746e-01
1.233402716916100761e-01
1.219603665638091389e-01
1.260746254899961782e-01
1.301744072372338634e-01
1.240083993216332392e-01
1.333925130518477109e-01
1.277728994225770520e-01
1.312310590248540187e-01
1.334917080806885537e-01
1.287953690093257553e-01
1.165198332593877506e-01
1.308916433261871903e-01
1.279735523433112032e-01
1.328656382601913766e-01
1.188145466010198381e-01
1.284987214482328777e-01
1.248313070217315635e-01
1.357869663578311625e-01
1.194246348892945009e-01
1.278801138385178837e-01
1.224075597737102339e-01
1.302280155058762601e-01
1.286507435330710714e-01
1.213378997459108044e-01
1.320763706592408826e-01
1.361941424983000304e-01
1.228010423595348316e-01
1.293066504884788359e-01
1.217442495488520182e-01
1.256843217555620451e-01
1.340715421106232763e-01
1.306202453836989574e-01
1.276308648760118292e-01
1.329879299498765988e-01
1.245845552996365374e-01
1.329983401059969539e-01
1.278928276494001315e-01
1.338204424405609605e-01
1.246098990800077327e-01
1.233224718811984089e-01
1.296451906828804679e-01
1.282580425515722211e-01
1.213526825820474692e-01
1.287593971762062139e-01
1.285256075102471363e-01
1.266375096957366997e-01
1.335893012476221109e-01
1.295675321810859648e-01
1.274851903498519512e-01
1.260922220359110835e-01
1.292069477708715497e-01
1.228585110782117462e-01
1.322782032165259192e-01
1.280835576858947999e-01
1.286605302868532585e-01
1.227697667212969412e-01
1.310124535281341762e-01
1.272495832056943776e-01
1.319916894159280651e-01
1.327801417058676048e-01
1.256266346701744863e-01
1.221747163745779685e-01
1.325475265745024167e-01
1.232507890893749930e-01
1.240185958239765907e-01
1.243035514666459562e-01
1.250751112396543685e-01
1.307772431218003906e-01
1.242122236141400826e-01
1.270060288571584484e-01
1.264495383856636679e-01
1.284635800187846622e-01
1.302098368199684220e-01
1.233705686116847999e-01
1.255154748403572995e-01
1.316835771395446497e-01
1.254936056541994804e-01
1.246659866430661623e-01
1.296000463175698281e-01
1.227255293980106937e-01
1.318087501933195016e-01
1.231980386558341606e-01
1.243283625706607110e-01
1.245094590908197157e-01
1.207394879091912426e-01
1.207968919884987447e-01
1.232006870479991634e-01
1.310823470187581774e-01
1.249788155574406701e-01
1.276764369970132540e-01
1.309160679648235237e-01
1.348939932932498031e-01
1.274679399662214940e-01
1.220359912504383887e-01
1.224393634145583415e-01
1.243196909532170991e-01
1.273667395109334133e-01
1.238850801562908777e-01
1.227071551001749500e-01
1.296211358781624023e-01
1.264732276280800538e-01
1.261177887173124401e-01
1.261230373237238744e-01
1.246968238329471956e-01
1.280705574171786820e-01
1.254962731182634739e-01
1.219652351684628738e-01
1.300233850662114721e-01
1.264914926481686963e-01
1.285695871149426517e-01
1.382587149657812930e-01
1.253769154661470431e-01
1.262795195578175766e-01
1.319746398916926966e-01
1.289579237012705715e-01
1.254462393704711687e-01
1.338541967566832525e-01
1.270132782266761295e-01
1.293699350336549037e-01
1.287354928920688424e-01
1.225884387327982605e-01
1.243238871219019825e-01
1.267889491183176454e-01
1.203524470103215227e-01
1.272654709086351310e-01
1.288514319161001564e-01
1.263054836839729578e-01
1.285551790633386038e-01
1.229355406349514346e-01
1.223504251722450920e-01
1.349318564315979407e-01
1.299930392556688241e-01
1.241778041639600011e-01
1.241517433583778224e-01
1.277814921735355991e-01
1.258348067437436990e-01
1.293883228436764066e-01
1.222685688345022392e-01
1.244270192598915525e-01
1.226478695632928217e-01
1.291727800466251352e-01
1.321823483792014531e-01
1.279037078396483562e-01
1.261678856321599984e-01
1.225577074770932973e-01
1.288378946419509175e-01
1.313554619278232416e-01
1.258319624300915374e-01
1.317706460406939117e-01
1.259113868811218562e-01
1.285115998665658510e-01
1.296230318652066005e-01
1.187444453935738026e-01
1.272627183921039018e-01
1.255931183372218651e-01
1.282182810083838664e-01
1.212852469538991118e-01
1.249058546837729794e-01
1.222081737998796241e-01
1.294399513500717747e-01
1.239832989311629718e-01
1.304396423188298182e-01
1.205502803531987854e-01
1.254863750774978526e-01
1.325322824210593553e-01
1.245313220696519507e-01
1.224757826547108325e-01
1.247890066603684067e-01
1.316146097991561792e-01
1.321004127593788102e-01
1.384047019331160477e-01
1.271447345366138737e-01
1.317387555475167948e-01
1.336137294985839108e-01
1.310589604538012765e-01
1.250738803597815640e-01
1.348895614257457909e-01
1.256642542543482399e-01
1.303549448172590941e-01
1.228567538865060482e-01
1.261559572468101686e-01
1.281581026743987273e-01
1.278001015801452644e-01
1.262131025671850426e-01
1.236746245002995070e-01
1.209031906939789375e-01
1.235377849117798160e-01
1.273895411026438884e-01
1.270363368189588726e-01
1.257671785649174534e-01
1.213502853349012339e-01
1.244091303137617455e-01
1.222606751169027367e-01
1.293162117541185319e-01
1.226280061921302261e-01
1.291408332003256276e-01
1.266888919602406349e-01
1.238342777836238806e-01
1.240502634353742029e-01
1.291937297505802995e-01
1.278481648686372596e-01
1.280078590771396851e-01
1.218884799165027566e-01
1.262287933781354177e-01
1.253083878274293406e-01
1.189197629234969855e-01
1.242507292777298156e-01
1.292756392044426272e-01
1.190731345283865261e-01
1.335939675658145698e-01
1.252376009132959711e-01
1.265663614906483159e-01
1.238686948930196458e-01
1.245247963748952053e-01
1.226192080745623636e-01
1.232010545245883631e-01
1.311118372105203878e-01
1.310298533682682232e-01
1.287872878158657919e-01
1.211138949855753155e-01
1.199551025298354057e-01
1.270009542978153272e-01
1.273901517587582299e-01
1.297984216875379404e-01
1.234337143040235840e-01
1.184256591144571824e-01
1.290786099343958215e-01
1.268431521334639211e-01
1.240507328673072646e-01
1.319051950286387886e-01
1.256446841943922865e-01
1.334119229426324327e-01
1.259893582143444823e-01
1.334542612682452778e-01
1.240950831637482599e-01
1.262986129531267765e-01
1.318237663880757471e-01
1.228692903672409659e-01
1.252891460499351295e-01
1.236368261279043590e-01
1.318185477558451724e-01
1.328946915662455874e-01
1.262782787791350558e-01
1.197088410248261792e-01
1.247889701443396504e-01
1.235105354569772107e-01
1.268114943700723307e-01
1.280157765148500770e-01
1.319007379035372074e-01
1.281533793836959756e-01
1.278862873562563729e-01
1.332504841676677987e-01
1.243960830526265743e-01
1.240085437785666128e-01
1.211797431040438078e-01
1.312051492052853652e-01
1.247933139861944762e-01
1.193855554673386860e-01
1.269649807066437486e-01
1.274859759150276384e-01
1.223129511817482584e-01
1.280502017436999374e-01
1.314436639143302110e-01
1.172432480336662863e-01
1.288304560729491843e-01
1.197373673227009327e-01
1.237554468640487265e-01
1.189760301588052294e-01
1.277286455111562025e-01
1.242011041747860534e-01
1.196737214399878207e-01
1.254399769518116103e-01
1.222666283937361292e-01
1.317981924798861115e-01
1.356986728233227080e-01
1.280444066475947273e-01
1.280886228421410367e-01
1.219914158241657970e-01
1.289688142872884025e-01
1.221344582345742363e-01
1.329902190452905142e-01
1.234038356230733602e-01
1.317484379122547122e-01
1.266452870175504286e-01
1.284036516200615097e-01
1.233193235389243997e-01
1.222524652051286131e-01
1.317260446193460610e-01
1.221875227182537271e-01
1.264657115363267137e-01
1.191366769530025349e-01
1.326617074793050577e-01
1.301318770214928977e-01
1.304297056312834491e-01
1.314209740458995301e-01
1.240146672105401915e-01
1.211574405573413449e-01
1.231120600375463503e-01
1.238765824185785736e-01
1.224486697194884233e-01
1.233886384880672205e-01
1.224851746471507102e-01
1.267397409116166884e-01
1.214026948003567308e-01
1.261003124234663930e-01
1.294456967918393986e-01
1.253449080622479617e-01
1.242057850631600735e-01
1.283744314375249718e-01
1.256849472480753849e-01
1.304624400543383800e-01
1.202874889727893887e-01
1.283288974534319282e-01
1.281141079347808687e-01
1.212680509371363569e-01
1.214831740269668586e-01
1.259345252035366514e-01
1.218018931700800556e-01
1.303232365297652684e-01
1.215035318485012533e-01
1.350905239901788457e-01
1.218617958323565398e-01
1.280430327212547792e-01
1.273626180100713157e-01
1.312865202062372394e-01
1.296116212355171160e-01
1.220963378037468461e-01
1.271974460685307284e-01
1.208492483188789018e-01
1.255408261055487307e-01
1.298327194356936887e-01
1.227495952778762944e-01
1.298829032167796438e-01
1.286548964778702064e-01
1.278219329097712853e-01
1.321540126017044237e-01
1.286553084974451922e-01
1.226904636942851290e-01
1.236669267111203258e-01
1.261610600870654575e-01
1.211525879444277365e-01
1.265358005195653668e-01
1.251373966922429692e-01
1.293968514046484608e-01
1.201363206506137482e-01
1.339513979041888347e-01
1.292460813749825577e-01
1.252537927135455864e-01
1.289308857759337013e-01
1.303962284219197243e-01
1.268537330210240954e-01
1.251319192903115052e-01
1.273209390171166910e-01
1.272280098139606241e-01
1.250501897177588861e-01
1.224249851620603513e-01
1.299720267036639787e-01
1.260676551148348645e-01
1.214769651026848113e-01
1.322045498400027386e-01
1.256190249865030140e-01
1.315284640007379768e-01
1.264031871699888843e-01
1.259156632220788663e-01
1.231687396119236638e-01
1.268990423773216913e-01
1.320520637131984143e-01
1.262770117276352799e-01
1.252166419734784264e-01
1.212555223003424776e-01
1.261186055481743618e-01
1.324697610301733830e-01
1.326893467323685960e-01
1.253752000769686181e-01
1.240490146206207484e-01
1.238010344931795986e-01
1.280023717682963746e-01
1.213061914245775197e-01
1.264217474950373454e-01
1.290508274526228072e-01
1.307228743869420506e-01
1.184984290806233853e-01
1.248532152659800609e-01
1.292711101152587971e-01
1.257798398608480084e-01
1.218788787143622598e-01
1.253412975360069237e-01
1.278163224811625920e-01
1.279508392481525647e-01
1.332786647530636026e-01
1.279809615909306975e-01
1.195732131614598431e-01
1.237110239637540382e-01
1.249638901951101999e-01
1.234839766880949652e-01
1.278061678028375447e-01
1.253654987888837002e-01
1.333485441495314561e-01
1.209982468789811416e-01
1.269190895103000649e-01
1.194758899576958688e-01
1.237383064451176851e-01
1.191799327869671465e-01
1.264168029341469213e-01
1.294632282287452585e-01
1.221014722621416720e-01
1.247437077441428122e-01
1.269509535235288644e-01
1.245326358704733904e-01
1.236554267547375491e-01
1.278011952477343671e-01
1.369861720322938514e-01
1.267348034776250021e-01
1.308912980472640153e-01
1.235585893642355965e-01
1.267265326158195093e-01
1.257667482749940391e-01
1.249068286387603893e-01
1.263217900333906685e-01
1.207151693302592199e-01
1.275184901717181796e-01
1.240639134012689188e-01
1.275949304886116187e-01
1.206817698015434648e-01
1.253693769949331682e-01
1.301028891032854351e-01
1.273087904882616028e-01
1.346135183610496777e-01
1.273950810186108840e-01
1.365945749950030763e-01
1.315668119622327437e-01
1.237063367733323566e-01
1.184960502796941761e-01
1.290033043964525228e-01
1.241209034134138633e-01
1.219065624062169034e-01
1.242716988405415390e-01
1.280805459744335795e-01
1.253479813546015120e-01
1.314395295218576676e-01
1.250847207067233569e-01
1.232540004242660969e-01
1.272501572393568980e-01
1.297648819841638601e-01
1.287813213751155539e-01
1.248153534338064669e-01
1.265432620778564610e-01
1.232329539206493130e-01
1.335702661251599033e-01
1.323145260524042355e-01
1.260886214024296015e-01
1.207268174064041050e-01
1.353931204977592562e-01
1.290016020148506970e-01
1.308216542935218274e-01
1.272164778405312779e-01
1.223569557814055686e-01
1.243112439985260553e-01
1.310655743749544189e-01
1.303359658562630308e-01
1.246930900089307931e-01
1.266717148447517594e-01
1.325040971493916531e-01
1.305061736252646210e-01
1.233968392027390004e-01
1.230579792196968836e-01
1.268132048551685598e-01
1.268697533966230973e-01
1.182781762165125428e-01
1.323207957095670628e-01
1.267606064987446546e-01
1.226821840227282218e-01
1.236655782221381117e-01
1.213524542549476726e-01
1.262177451533639805e-01
1.284596564832891641e-01
1.236393750515439038e-01
1.341132972543211954e-01
1.213005299543876009e-01
1.273621591557694555e-01
1.276336886274594407e-01
1.220604253320188015e-01
1.223292824159995656e-01
1.256230749361645360e-01
1.243470885943491339e-01
1.270171578746510099e-01
1.279350608798329458e-01
1.256857436715293486e-01
1.289129182797634776e-01
1.249065638926609156e-01
1.204793652912958535e-01
1.172832399751854021e-01
1.294226882497077624e-01
1.274622949617583989e-01
1.317325703852117724e-01
1.260725282715964013e-01
1.216374254245561198e-01
1.197502413112037367e-01
1.294243703994029937e-01
1.253042335018515474e-01
1.264352885527327275e-01
1.239153367797401067e-01
1.220461758789129630e-01
1.250650013949407835e-01
1.271226322305907819e-01
1.364941029631673852e-01
1.318419500092074537e-01
1.224423858492775380e-01
1.222673493257933619e-01
1.210962092576497451e-01
1.294499048088844084e-01
1.201482971642843789e-01
1.269655607123243435e-01
1.188008818492304053e-01
1.209149070956827138e-01
1.310762439281304426e-01
1.309721085635431603e-01
1.200019135375838958e-01
1.293121917750104655e-01
1.201780637364589233e-01
1.272793779203286457e-01
1.227260774400659726e-01
1.278159723658469915e-01
1.249821535757064395e-01
1.289284913508497443e-01
1.275893520028339445e-01
1.201111134829078303e-01
1.263253767681641326e-01
1.267867381232778701e-01
1.292389665999501003e-01
1.269104025098202193e-01
1.280955156701266973e-01
1.319365642057335197e-01
1.243619025040670761e-01
1.283364951100901541e-01
1.230368179142217744e-01
1.275423871641084006e-01
1.259639574656302163e-01
1.276025731292362297e-01
1.222914064531213513e-01
1.269121601223874296e-01
1.229141949495222569e-01
1.298638659293922804e-01
1.275367917941896412e-01
1.339636536412958101e-01
1.252327615266056460e-01
1.191421224378485522e-01
1.309720754575124102e-01
1.267070679618043094e-01
1.288117933708073093e-01
1.263696673921766989e-01
1.252852109297446503e-01
1.264475441356192054e-01
1.191574899903765222e-01
1.284260592474594787e-01
1.266172921545039298e-01
1.210709912397553017e-01
1.314478766107229357e-01
1.228272805325517636e-01
1.283588743917146724e-01
1.265002720169046135e-01
1.230159410121153957e-01
1.231003926888851324e-01
1.254148955563337275e-01
1.262765590760777656e-01
1.352400383613850954e-01
1.256805097179714004e-01
1.236797978475416282e-01
1.242531750557680642e-01
1.242135637376484136e-01
1.235502924154746052e-01
1.261919612774731747e-01
1.301966790647075822e-01
1.246239179216969556e-01
1.228071786694433787e-01
1.229666635908431838e-01
1.194936603317269946e-01
1.244035886676160968e-01
1.217592287654106625e-01
1.239017271683274662e-01
1.218754318723373198e-01
1.264505390190537037e-01
1.262260352213713799e-01
1.284046130417408893e-01
1.310830157437707366e-01
1.261620108407978114e-01
1.320845244195588408e-01
1.286303179438504363e-01
1.278004709053782717e-01
1.278362296914063445e-01
1.226726952630813050e-01
1.268310833363356371e-01
1.230319960056676654e-01
1.228278464969258521e-01
1.279392349865875744e-01
1.192103784962735002e-01
1.241288540781232963e-01
1.270205955998339464e-01
1.211694301040239230e-01
1.327443672321966528e-01
1.238918551498406073e-01
1.246585567750708168e-01
1.253135351084768701e-01
1.355166097617361842e-01
1.237699352192293129e-01
1.242998092371176005e-01
1.330442293975585555e-01
1.221937276920089521e-01
1.237688607938583485e-01
1.369261552872008680e-01
1.215984428158954772e-01
1.231282576715285043e-01
1.236758188963877347e-01
1.215976111359766132e-01
1.297769973097758212e-01
1.258276085872196137e-01
1.205995517305684522e-01
1.247196620663140187e-01
1.221798322457423591e-01
1.289173020285586391e-01
1.256222242033002146e-01
1.274120406967743646e-01
1.282807290368694897e-01
1.341363837617541299e-01
1.341363837617541299e-01
1.242702215882394851e-01
1.238692918767868023e-01
1.243430334202461351e-01
1.245465428431475896e-01
1.256484973847920017e-01
1.221790790693348672e-01
1.293517719908631458e-01
1.208832624888293988e-01
1.226146194563964148e-01
1.256799244081593381e-01
1.266060026160993890e-01
1.296897363882801579e-01
1.279826706531310698e-01
1.282064457988658646e-01
1.211569605365089841e-01
1.273740493056485235e-01
1.309586965050539842e-01
1.320148557757572227e-01
1.269726830703887532e-01
1.295779643125263836e-01
1.222658609778440875e-01
1.235069462829772730e-01
1.308316852021677856e-01
1.198487587861219450e-01
1.255774120079412581e-01
1.232134881787397274e-01
1.242864085669311280e-01
1.275041584253603644e-01
1.224042991885139486e-01
1.355902683542240805e-01
1.261587165176780434e-01
1.275613800983941559e-01
1.290667457475933033e-01
1.363206480136368026e-01
1.344591174389119237e-01
1.285796619083606762e-01
1.253174336004514722e-01
1.261121148844094320e-01
1.251433324953841464e-01
1.237089657364665307e-01
1.246842338761366270e-01
1.261202488212644357e-01
1.218038546267928568e-01
1.352763356269826023e-01
1.242611826331036784e-01
1.328783901782143451e-01
1.269825367985339404e-01
1.250380088292544767e-01
1.222401858478463221e-01
1.252242846447629288e-01
1.276621227714122009e-01
1.195365488055080139e-01
1.246777153660189735e-01
1.278980103395061796e-01
1.231064806745900825e-01
1.225983611683655883e-01
1.224074710498630758e-01
1.228969360548408801e-01
1.277669399724322974e-01
1.257526241578788007e-01
1.210974990414522834e-01
1.236966811794936866e-01
1.263607086085305475e-01
1.300148214847420824e-01
1.237572433889125439e-01
1.227599736201652469e-01
1.322142502599848723e-01
1.229090770937295851e-01
1.304429486789696058e-01
1.257572214510583875e-01
1.292501380241014852e-01
1.246053187735186030e-01
1.335452039536508817e-01
1.280860088008498043e-01
1.186671836517134010e-01
1.282011447647334323e-01
1.212338907467236521e-01
1.321698640827613236e-01
1.311058915991987761e-01
1.275898172056632585e-01
1.311968358302739168e-01
1.277832387145840798e-01
1.285912687868364657e-01
1.236532509934095414e-01
1.264715411083070784e-01
1.270781641765739711e-01
1.334785065330784670e-01
1.272307123822867814e-01
1.304025223859229254e-01
1.346795300906540316e-01
1.248355512296560194e-01
1.280959548616303900e-01
1.269936481371485570e-01
1.213572218402083763e-01
1.205006867792352693e-01
1.249010846742830139e-01
1.260583260974142972e-01
1.252166508457639438e-01
1.285110503628118517e-01
1.271562926941584848e-01
1.207494006136799886e-01
1.296160131486483180e-01
1.283519258273326802e-01
1.219550817056798686e-01
1.262580929724478052e-01
1.241878392698576028e-01
1.257814792650710223e-01
1.276121826344001342e-01
1.257116270972495897e-01
1.330821563476521918e-01
1.240446635653592450e-01
1.255547980964684673e-01
1.209441153416447590e-01
1.232628652813506920e-01
1.203977004282213853e-01
1.233275373392047208e-01
1.272807871762378640e-01
1.214682312142470882e-01
1.238924663462993153e-01
1.292267938471972355e-01
1.276786420102695718e-01
1.314456017308938129e-01
1.238448554690976394e-01
1.295890850920624060e-01
1.224441945223889022e-01
1.201188120647697921e-01
1.312520847898367427e-01
1.270753666331956855e-01
1.259561938408182702e-01
1.209169322853729800e-01
1.238867324441810247e-01
1.265742736106096056e-01
1.206879470900142359e-01
1.299551487193549293e-01
1.217526350483794373e-01
1.277064719023003336e-01
1.231697958192280729e-01
1.249497092055535247e-01
1.212362800629382675e-01
1.256942906278966654e-01
1.233546155822402984e-01
1.181557811524736462e-01
1.264993102547805337e-01
1.256955540987633735e-01
1.290765665261372208e-01
1.286808039398234238e-01
1.213317776471961318e-01
1.199508308383981925e-01
1.298439807462700157e-01
1.335345111032540388e-01
1.254248112434799833e-01
1.297146562428309613e-01
1.246439703600850241e-01
1.215373558488315603e-01
1.239790384651813793e-01
1.250357521779796310e-01
1.283917977970255864e-01
1.280957856948782281e-01
1.266410124825567141e-01
1.264420394815105320e-01
1.275613049619203077e-01
1.366503750331034550e-01
1.238141750375944539e-01
1.303304871077830551e-01
1.286871402383946983e-01
1.231681235028201649e-01
1.222668664034590041e-01
1.308113982055015834e-01
1.268368426409244576e-01
1.285972477324280883e-01
1.252562558445666774e-01
1.269000448976230766e-01
1.270799597788208612e-01
1.285363902127163449e-01
1.279762617378913392e-01
1.260741986967796047e-01
1.280878809894573089e-01
1.283984705103931312e-01
1.254867039612960200e-01
1.305791358981179262e-01
1.270036373973698063e-01
1.266534672842635767e-01
1.255853123650046421e-01
1.242937101088970597e-01
1.230405706997962229e-01
1.254370125057743535e-01
1.215907649421398701e-01
1.299320523673656025e-01
1.259176513805751740e-01
1.337887147780560948e-01
1.294746495772493566e-01
1.225646410475424442e-01
1.300756107337672218e-01
1.278734718909346479e-01
1.261015587599951249e-01
1.246670091967027327e-01
1.206220918386157331e-01
1.235935726686891861e-01
1.227377247278381989e-01
1.259428339435479938e-01
1.248273911500808880e-01
1.219998459849153949e-01
1.265254059419055332e-01
1.267307764489551680e-01
1.267209992540209162e-01
1.316820068063678795e-01
1.291824476184804671e-01
1.272078915393584642e-01
1.340724088549321014e-01
1.275259420638031327e-01
1.338191316084496041e-01
1.234301695593628678e-01
1.361222067654365153e-01
1.202626048021382399e-01
1.277431441596372230e-01
1.258029979261774123e-01
1.221332170024141961e-01
1.235803676715913624e-01
1.257944192919028814e-01
1.190303855830203983e-01
1.291402759499065411e-01
1.240363585398756019e-01
1.329165478808590484e-01
1.224801173587589248e-01
1.279766356126010307e-01
1.282450979449324957e-01
1.176585602730977481e-01
1.344405331695419092e-01
1.280452752865525179e-01
1.230364545214781002e-01
1.301680212152838134e-01
1.281685065086778097e-01
1.249591903085870148e-01
1.242791162629477697e-01
1.241515693265017317e-01
1.242847153270848076e-01
1.238349480954984566e-01
1.327334960784931073e-01
1.351264575661415834e-01
1.280889060903528665e-01
1.217386090537277143e-01
1.279696710267377024e-01
1.249831659566508213e-01
1.223493981973674261e-01
1.259054638651861957e-01
1.235000503578145281e-01
1.306185594055095378e-01
1.219793562199218834e-01
1.261620619088795470e-01
1.211031574628989582e-01
1.256689337611965884e-01
1.305719833132890917e-01
1.298073602791627312e-01
1.293566581802244042e-01
1.230309485868049391e-01
1.237685933903627661e-01
1.232288314078222036e-01
1.253238300361226576e-01
1.280498737788937635e-01
1.330247351230421649e-01
1.271476646085859807e-01
1.253567900668704216e-01
1.258032187376694200e-01
1.236815163009585272e-01
1.236246944515671659e-01
1.250430163053448673e-01
1.269876609386488830e-01
1.247990590678497158e-01
1.304541363192768533e-01
1.348604354443407871e-01
1.207945145492909655e-01
1.192030055169302216e-01
1.251941570656933678e-01
1.262087506643025936e-01
1.339395785983903964e-01
1.246284036192754352e-01
1.249082410546470678e-01
1.237117587123069407e-01
1.239143674993620214e-01
1.259763628287057513e-01
1.259244767658110886e-01
1.257948290745992681e-01
1.324027808880643975e-01
1.215286592510748803e-01
1.255038027758426100e-01
1.302001794417707026e-01
1.297769616296778894e-01
1.294661700251442948e-01
1.276897867387635221e-01
1.295906902941332262e-01
1.278670474197813600e-01
1.257584661194924847e-01
1.271167386714755210e-01
1.210703382823185986e-01
1.213332038400529445e-01
1.278205043378810579e-01
1.215032413871576789e-01
1.331003228160193563e-01
1.273846588284344994e-01
1.297199203315538563e-01
1.237985717211133319e-01
1.255792379250900703e-01
1.197160020689771592e-01
1.223650015420453541e-01
1.194348702761187098e-01
1.282234783943300427e-01
1.271817041642064883e-01
1.290156875891192434e-01
1.258152226953427322e-01
1.243789550713217118e-01
1.377509051410370777e-01
1.351556957339474785e-01
1.284773440815633605e-01
1.270309849842529704e-01
1.294267948869102514e-01
1.317014277973403424e-01
1.209524928985024755e-01
1.260759445359173614e-01
1.310367772590504687e-01
1.182902507660335001e-01
1.314196787460005234e-01
1.329687600653330637e-01
1.278274418380516697e-01
1.215817170581732082e-01
1.273445439876832730e-01
1.231692563535856377e-01
1.228198089989658015e-01
1.289794117108962745e-01
1.266983467018735210e-01
1.297209240977023892e-01
1.302459009996071171e-01
1.276728751109132420e-01
1.289672989829040717e-01
1.250859082077573903e-01
1.250973343335715637e-01
1.231851411812105862e-01
1.234526791476109608e-01
1.247816254024108201e-01
1.275603279645703414e-01
1.302833187434464246e-01
1.300679563841202757e-01
1.242942553937881889e-01
1.251595078432414521e-01
1.320511886550932157e-01
1.304554985574683523e-01
1.263634284389235085e-01
1.228117479079723490e-01
1.277962075219551963e-01
1.278258226370224682e-01
1.300400416060304987e-01
1.236537282002730942e-01
1.275592813223642152e-01
1.294626015436586841e-01
1.186594044821413924e-01
1.325474298002216056e-01
1.249938489285807863e-01
1.236905589207354383e-01
1.251980657186427537e-01
1.174968152329718685e-01
1.237035033870896583e-01
1.295534797093432777e-01
1.222959202156517766e-01
1.269257141403691280e-01
1.230362866145240097e-01
1.281515639688446118e-01
1.320526008539463225e-01
1.253164610328759698e-01
1.250596334269961085e-01
1.305058050900619881e-01
1.313107519594816641e-01
1.304995752112321772e-01
1.217400719502716444e-01
1.246607252938568000e-01
1.270081572136183279e-01
1.253683158234877304e-01
1.259677091132959115e-01
1.238223981438005689e-01
1.228902803914634217e-01
1.294648783378835044e-01
1.311224995297739782e-01
1.388364580901416123e-01
1.289101806745268641e-01
1.251915664785788751e-01
1.257978257724064464e-01
1.189779880191912664e-01
1.274759727145824417e-01
1.284176041639069343e-01
1.351482423820327405e-01
1.219463028595969556e-01
1.182079865970872834e-01
1.303745467907011513e-01
1.248278350654916380e-01
1.342538274727862191e-01
1.334457063357022966e-01
1.202547067968850331e-01
1.228898129156012903e-01
1.276308389964086742e-01
1.219507832293809935e-01
1.300453132933178657e-01
1.298351650655367451e-01
1.204373614009185411e-01
1.284039787248204556e-01
1.256829816704833069e-01
1.313685681956804907e-01
1.257340333435069957e-01
1.178224188628816949e-01
1.338661379746839131e-01
1.278034772993180690e-01
1.253695699584316259e-01
1.245814231508522996e-01
1.266149941455235184e-01
1.268765599800809607e-01
1.282330954884437768e-01
1.313928150549025231e-01
1.243856596718539986e-01
1.342699356862248616e-01
1.261110830207901878e-01
1.226280777420155066e-01
1.261853730375253613e-01
1.284606249135686329e-01
1.287578329691000945e-01
1.235468387398111906e-01
1.251763439201352968e-01
1.293648676797263530e-01
1.256326714460241911e-01
1.236685974551169354e-01
1.221606096551653836e-01
1.348155562849001898e-01
1.263024704645608620e-01
1.287210073070560457e-01
1.317134279882411219e-01
1.261627292727787175e-01
1.200407355940547177e-01
1.284739945378170489e-01
1.228541621983411658e-01
1.281153612703831990e-01
1.285532750565480387e-01
1.214072996721020370e-01
1.296338569937302565e-01
1.283073109524858757e-01
1.260551812393814475e-01
1.261534687470037830e-01
1.269318083754337467e-01
1.341814204769670726e-01
1.263515975472545294e-01
1.303266167588983393e-01
1.223535746786881678e-01
1.206591938166526046e-01
1.271896618937347068e-01
1.249029403912835789e-01
1.291705591016207855e-01
1.227343298557154183e-01
1.306173105329795914e-01
1.284392531439948471e-01
1.271727590480794534e-01
1.259306647165825965e-01
1.215173138776291378e-01
1.277732819748303994e-01
1.361214566460809683e-01
1.276402201849284046e-01
1.254290577743530921e-01
1.225175693275252220e-01
1.171212761546877312e-01
1.304219430699633253e-01
1.262948062224988621e-01
1.265567276277562991e-01
1.238418022494046367e-01
1.264974503649951565e-01
1.284926980718867351e-01
1.321399772167686226e-01
1.268377481382302052e-01
1.288653318209147525e-01
1.271856588195390270e-01
1.334349054787799527e-01
1.234773433021150724e-01
1.264078916300079847e-01
1.205043042656686741e-01
1.232727476033486230e-01
1.273348615931683414e-01
1.261056710553175864e-01
1.300127683283583691e-01
1.226980540970805528e-01
1.345030507436765221e-01
1.228645396036908144e-01
1.310837529729120821e-01
1.269820832361830687e-01
1.286789026181630047e-01
1.249633570060740134e-01
1.220297673336040584e-01
1.214266379588842676e-01
1.227440895277420452e-01
1.187928203138441802e-01
1.274493460975718861e-01
1.257745500155876273e-01
1.279038818908950215e-01
1.239236209218029516e-01
1.181985987658156767e-01
1.198562992675681060e-01
1.279950475520663933e-01
1.269372690049306585e-01
1.206636907917287699e-01
1.234806506266074716e-01
1.178247114231378567e-01
1.294456223052101451e-01
1.210359279874999305e-01
1.322378495391942355e-01
1.268187847384628086e-01
1.273896234942391570e-01
1.278105201224099541e-01
1.243142942500754522e-01
1.247851231500306662e-01
1.240608566613907726e-01
1.218298686541581660e-01
1.233692859273187725e-01
1.234562713803252498e-01
1.277565573091036799e-01
1.218892247520200200e-01
1.195282717206975487e-01
1.242391974055500892e-01
1.332660834305482711e-01
1.208766359824898218e-01
1.374556924407469294e-01
1.243259886227624372e-01
1.337694328016557355e-01
1.311498894875373633e-01
1.270596774454101630e-01
1.250250375883442677e-01
1.236676543254344174e-01
1.245262618891471718e-01
1.290839071316242648e-01
1.207026890928747931e-01
1.229261081026375435e-01
1.252090655517358597e-01
1.271442258543772352e-01
1.225442316019061673e-01
1.303164659016483040e-01
1.258093260583884043e-01
1.296919625793015451e-01
1.224285652560506282e-01
1.330146806288702299e-01
1.289579758254441044e-01
1.325999926665132056e-01
1.288762110349937762e-01
1.307044062505758331e-01
1.250886106636950879e-01
1.294006189027327447e-01
1.225582236337625364e-01
1.245213854365760930e-01
1.247007714934758316e-01
1.251879525179062647e-01
1.280394921834005217e-01
1.198467072938626532e-01
1.253055733347301082e-01
1.254694780500740237e-01
1.281257014809670802e-01
1.251665534345588471e-01
1.215590724410986062e-01
1.264834435606529695e-01
1.260943702534044752e-01
1.296284595292826469e-01
1.254592451887452387e-01
1.312695605685572087e-01
1.291523341724424845e-01
1.282179075182904582e-01
1.282418166774957624e-01
1.257138684355990077e-01
1.286667285000745453e-01
1.318753470179231391e-01
1.302697605058453223e-01
1.316168406329368823e-01
1.206175624224397336e-01
1.251699733263164638e-01
1.239002291380296716e-01
1.261424394975541041e-01
1.244097726323737663e-01
1.261928322698000482e-01
1.328507524136569029e-01
1.278739963292424564e-01
1.328553079817216820e-01
1.249976990831453971e-01
1.205178214694021949e-01
1.260884585662168100e-01
1.288585778495828227e-01
1.187249225230470467e-01
1.429916380916313456e-01
1.372529668228200106e-01
1.350365021789998732e-01
1.285818288830326006e-01
1.269868572269157725e-01
1.288146712954272022e-01
1.320175729982096535e-01
1.313718660130838711e-01
1.310926612820668136e-01
1.205895661775004124e-01
1.222252343457717050e-01
1.277790486348756027e-01
1.276230107133399239e-01
1.312901402463222955e-01
1.312691309264626405e-01
1.240490253086364708e-01
1.341519943060608400e-01
1.327080657863820012e-01
1.272234585548337737e-01
1.295375565019320496e-01
1.249956785648498464e-01
1.236429821418812414e-01
1.224241209523364293e-01
1.248443784096566339e-01
1.324904762565896899e-01
1.211358881189370795e-01
1.194972492166477274e-01
1.273842154802896365e-01
1.276229649836473079e-01
1.276020805351927856e-01
1.286949664828586637e-01
1.276853919865294507e-01
1.283111540331191569e-01
1.315325911753224553e-01
1.203273678195913854e-01
1.265452703930891321e-01
1.258922367975653378e-01
1.337169318241021865e-01
1.267014810106463774e-01
1.303296630415944346e-01
1.306186335245895225e-01
1.306060528144805666e-01
1.221251784237601112e-01
1.198713686752670565e-01
1.244791596031265823e-01
1.223314049445198282e-01
1.191330066607664412e-01
1.253726623479977653e-01
1.261540838883484228e-01
1.277660147539891600e-01
1.302135191457017838e-01
1.188537251529198646e-01
1.262134348591046340e-01
1.260260878992169875e-01
1.282551992861985513e-01
1.245572347833052568e-01
1.275549059679236819e-01
1.270376850078846487e-01
1.228982390116907936e-01
1.300309469076820768e-01
1.239475893663325723e-01
1.281618673290474408e-01
1.285426679504451108e-01
1.257017323756794147e-01
1.270802840259051547e-01
1.309566516927884450e-01
1.228938415027644726e-01
1.220993036390048136e-01
1.280901719389055948e-01
1.260015529661246136e-01
1.275690495359054766e-01
1.350092308576431310e-01
1.318390197362777350e-01
1.250373519708495029e-01
1.257170184756973563e-01
1.245544958894396759e-01
1.240801673067867816e-01
1.251699067228984885e-01
1.269517519641638337e-01
1.297611599119242731e-01
1.287174843620015330e-01
1.315651638663675183e-01
1.225184553937595788e-01
1.211362841569489784e-01
1.226033255781862341e-01
1.267121069232544084e-01
1.224754384460513962e-01
1.295653070794623163e-01
1.276108021172344398e-01
1.274066586983692018e-01
1.206267576532223107e-01
1.307144842693941655e-01
1.264307102505066172e-01
1.249612952557702383e-01
1.294057093521818746e-01
1.233163700677966101e-01
1.294528268529607784e-01
1.198720662876868875e-01
1.299287676215618026e-01
1.260583614888978465e-01
1.203383005141986928e-01
1.187802095839183281e-01
1.248416466553937676e-01
1.260403441454266416e-01
1.270525140250112206e-01
1.209569692113021122e-01
1.299092148191719476e-01
1.291682254797865970e-01
1.340491111090566512e-01
1.296987462916776024e-01
1.327017033752578845e-01
1.273667297467777626e-01
1.276986784863548552e-01
1.244152924370538899e-01
1.296355995424244845e-01
1.254275576352314736e-01
1.276807303723806186e-01
1.281107757599034003e-01
1.288502214872055684e-01
1.270602593627068178e-01
1.240246647129356339e-01
1.253574564096793797e-01
1.275718625712433663e-01
1.271390019902458035e-01
1.193196944340164239e-01
1.283873458864635830e-01
1.217646985793808534e-01
1.250892533936791284e-01
1.221121084711850741e-01
1.263627831270395241e-01
1.304479322744400982e-01
1.307021588696364867e-01
1.252290765997416400e-01
1.289834482129030013e-01
1.342986037465517812e-01
1.215051249187610316e-01
1.230561661417565456e-01
1.284034396423940905e-01
1.251321381855983184e-01
1.218219635185739669e-01
1.225134414202664751e-01
1.241862445906876944e-01
1.327926234386597459e-01
1.245235660966282354e-01
1.299469687996172018e-01
1.214099398496573112e-01
1.214435697593242575e-01
1.279060662148309158e-01
1.275826983383580859e-01
1.245954805838413448e-01
1.246126589764822712e-01
1.246436027549226305e-01
1.190081363126603564e-01
1.304872372535002545e-01
1.338168139005749824e-01
1.270079832306147405e-01
1.301022538653368588e-01
1.236875410933841457e-01
1.273275282544492071e-01
1.296081581158613771e-01
1.274598211209939935e-01
1.280743809193970184e-01
1.257913881767981634e-01
1.271053280940930841e-01
1.235424004809579090e-01
1.261511652953360707e-01
1.290031990408400941e-01
1.244729035050560900e-01
1.288368691595429549e-01
1.300066981852981141e-01
1.326753526195281474e-01
1.198506738545302708e-01
1.198486104203880520e-01
1.229775297018948776e-01
1.278717455364168365e-01
1.205643779427499618e-01
1.213735592856355350e-01
1.311684089837665546e-01
1.345421815372897234e-01
1.295688656207411027e-01
1.318261680722456197e-01
1.311361678805759157e-01
1.288638937086806768e-01
1.312034868894883521e-01
1.298207983508129770e-01
1.258604729199610528e-01
1.306907869193597027e-01
1.264671907335354339e-01
1.268211079852825385e-01
1.224833802129237925e-01
1.319083997538215980e-01
1.238761509224640539e-01
1.229366974128731083e-01
1.266902110748359123e-01
1.330238401629276479e-01
1.238554830239600169e-01
1.234062842774887869e-01
1.244936450907635495e-01
1.289248111449327328e-01
1.190806452700206852e-01
1.285167269544078006e-01
1.230920694055032821e-01
1.271635433857628839e-01
1.241636228683357102e-01
1.267180743077491178e-01
1.228758233917886522e-01
1.295938299222259560e-01
1.228667028468230921e-01
1.265748766919536916e-01
1.295579791206274700e-01
1.294912591398023061e-01
1.319676581595360110e-01
1.208325428667257478e-01
1.306976962199752346e-01
1.306348459793716665e-01
1.215968357024922730e-01
1.281551883149337767e-01
1.255476761072339964e-01
1.265791385744650666e-01
1.293249292388834459e-01
1.239089481064324233e-01
1.258647821582937198e-01
1.254091225859044201e-01
1.276151646070841361e-01
1.289686274456876558e-01
1.252876026154979006e-01
1.334385454821889749e-01
1.237608842946489041e-01
1.283630753047450279e-01
1.245354983078281741e-01
1.262102287417824487e-01
1.308323103893719863e-01
1.236414298344656326e-01
1.356437295798227360e-01
1.215609428431529276e-01
1.207374910546961111e-01
1.263399405196767022e-01
1.260881613735488904e-01
1.278553646595304849e-01
1.270939639553745060e-01
1.196874525815510570e-01
1.308127918328803041e-01
1.220840266180795164e-01
1.204341734274380210e-01
1.320518862549533157e-01
1.229393148860809942e-01
1.196897885476484596e-01
1.330460492760971725e-01
1.289522534686915189e-01
1.243362183240212943e-01
1.194699148997883098e-01
1.267781115525754010e-01
1.257756225262822714e-01
1.256729564642189434e-01
1.331837753960635751e-01
1.247255547447644053e-01
1.298689783974958378e-01
1.223786926888801030e-01
1.237100207806223762e-01
1.192241614408265232e-01
1.273793487260465040e-01
1.329289061876640643e-01
1.279418699548412475e-01
1.313753673205589889e-01
1.238351108615893259e-01
1.324479222752686092e-01
1.190481281289171717e-01
1.272553822574676308e-01
1.231132200671551102e-01
1.238399266221325012e-01
1.245880173915413225e-01
1.303639132884487906e-01
1.284789594830456627e-01
1.244404107582685048e-01
1.237930637115177285e-01
1.220201112698487689e-01
1.262267543152129912e-01
1.226620934005872160e-01
1.292969025662167870e-01
1.199403907854219853e-01
1.214952860548742380e-01
1.265599908244404992e-01
1.226394112365005451e-01
1.360724703583154060e-01
1.195192212080309069e-01
1.215965077406789691e-01
1.244627622042625836e-01
1.269454262310617532e-01
1.288970548763862800e-01
1.275364188569066970e-01
1.308166954350910294e-01
1.250077309131560344e-01
1.227601372496852500e-01
1.292249359948397791e-01
1.249144527645191932e-01
1.287873100770000057e-01
1.238127133109838407e-01
1.311110498416324655e-01
1.234493925204446507e-01
1.278543093229254357e-01
1.320059391027066376e-01
1.314713280139138685e-01
1.244184036079079292e-01
1.245886748339220529e-01
1.224595052061374922e-01
1.245342043716260311e-01
1.241421689036243947e-01
1.278804136426719695e-01
1.301973551257160633e-01
1.270714788984350363e-01
1.289865752111686859e-01
1.227997820092480707e-01
1.235510399765158418e-01
1.243574172970849656e-01
1.304719102811580655e-01
1.255661629172593052e-01
1.284658935979755834e-01
1.248713292825004428e-01
1.273512769938295874e-01
1.324987978436542035e-01
1.255192821585304763e-01
1.268497145696056427e-01
1.259683326360318545e-01
1.239662986414644258e-01
1.226947264906815827e-01
1.317242129176565690e-01
1.238822732104319924e-01
1.217014655246821953e-01
1.240224352084157711e-01
1.242078868098056843e-01
1.345837346126957657e-01
1.253096900003748959e-01
1.282695074577949734e-01
1.265467110130800432e-01
1.240957881589803691e-01
1.267434059592990325e-01
1.222171823080967223e-01
1.262312224379418812e-01
1.255506792872240207e-01
1.332261426986193487e-01
1.205251553045531832e-01
1.214732022599541578e-01
1.251134988062128639e-01
1.292188025788035821e-01
1.222277999864131159e-01
1.251616004109725733e-01
1.245423509265936868e-01
1.283090803376865374e-01
1.204446510753153232e-01
1.267444954805228563e-01
1.311758909387569783e-01
1.288487137538544824e-01
1.297709274952910663e-01
1.211447586197459542e-01
1.211297222088617009e-01
1.289146869950829055e-01
1.237811444409044753e-01
1.208133337040447342e-01
1.286427614769623529e-01
1.293582251657633964e-01
1.207896083393588116e-01
1.308599935350780452e-01
1.258621293660331375e-01
1.235158810198910134e-01
1.262601021277643398e-01
1.319650464808304058e-01
1.303815378127919367e-01
1.291454495501940247e-01
1.275697101662404132e-01
1.242665097059338086e-01
1.316602252788506844e-01
1.328814961658497662e-01
1.383501394521134131e-01
1.246211397924513742e-01
1.211783521275886649e-01
1.253333602909344757e-01
1.313978112094740247e-01
1.287913213263907342e-01
1.225946399290867433e-01
1.237603102356958085e-01
1.198287662569716416e-01
1.232077353964102923e-01
1.199358250530471598e-01
1.261676696828203936e-01
1.359446048808496676e-01
1.339518674717893876e-01
1.293109632930317943e-01
1.219424060596632636e-01
1.278565318376155557e-01
1.229840982858701470e-01
1.258237651184980210e-01
1.216304825430323810e-01
1.258963285436450752e-01
1.225914031531199766e-01
1.272803193184715020e-01
1.286544209955280960e-01
1.252335799980790476e-01
1.228451899669737446e-01
1.243913238352515743e-01
1.219152427444157860e-01
1.196700141103661380e-01
1.346246933465046758e-01
1.252289162728461025e-01
1.271349570518537364e-01
1.235039007471716715e-01
1.289843811491306891e-01
1.262154462688788725e-01
1.215817884343545485e-01
1.322725491234094941e-01
1.247444630855492065e-01
1.242093632613041898e-01
1.251840922121900956e-01
1.277244095466441021e-01
1.270519466630345984e-01
1.245090244131505930e-01
1.253870163149861106e-01
1.229215333052382231e-01
1.252634607668566824e-01
1.340616823554687531e-01
1.240008891895013621e-01
1.216089691204422230e-01
1.261463981073159824e-01
1.289839089620538615e-01
1.256874107510582983e-01
1.267798756295363538e-01
1.246310060175821743e-01
1.285820537303071220e-01
1.280914288083699892e-01
1.223570470433985730e-01
1.285132864199307612e-01
1.243522443394468185e-01
1.279666556443244396e-01
1.290556879381150046e-01
1.334403959112752391e-01
1.273395225036352829e-01
1.265531065927070209e-01
1.306771754211345504e-01
1.279493306754005411e-01
1.293535424565792624e-01
1.246621838756690748e-01
1.270083718045645904e-01
1.222893331179378401e-01
1.236266484745952993e-01
1.209090861247856113e-01
1.267281706428496912e-01
1.279344626186216805e-01
1.257070423947267979e-01
1.217438824581568990e-01
1.332918928091166300e-01
1.312898567822168849e-01
1.297392588161493943e-01
1.234986607277188675e-01
1.265828493230305996e-01
1.280338591684029026e-01
1.239844719941200907e-01
1.291181423121504634e-01
1.203930183102896179e-01
1.298425642205155994e-01
1.260799456726872936e-01
1.290386098870693610e-01
1.303630432636757874e-01
1.227937987066287651e-01
1.382888980221168018e-01
1.242025082251493884e-01
1.238942290671700697e-01
1.294068709526095540e-01
1.266496420493644082e-01
1.196973758250242659e-01
1.221295474327991626e-01
1.201718448954845753e-01
1.270789471155355788e-01
1.281608647097977338e-01
1.289752068478518532e-01
1.288785183989322181e-01
1.312571613461188946e-01
1.204912516862875482e-01
1.322844405141154478e-01
1.258603611338716677e-01
1.295947784113092027e-01
1.284565101640748330e-01
1.239134834943474983e-01
1.344317898584440341e-01
1.249774550594474481e-01
1.299500637927396562e-01
1.311555807195716183e-01
1.239740452102934404e-01
1.305835123015537946e-01
1.328843621119950580e-01
1.196534059078468437e-01
1.250870014464920410e-01
1.282806589220104321e-01
1.275138385608343139e-01
1.278307724593864547e-01
1.300738019706442761e-01
1.230206161342477927e-01
1.395798244908414976e-01
1.303789105594307662e-01
1.238460383988344710e-01
1.267974313859348834e-01
1.323548222618732007e-01
1.289290413373821165e-01
1.359725670248734808e-01
1.551744669300640367e-01
1.241202494386739463e-01
1.242411125935769661e-01
1.268329638218282096e-01
1.283902086715748014e-01
1.293535319431621256e-01
1.260883396361489328e-01
1.219915753681647952e-01
1.217030061873316804e-01
1.256461775614725052e-01
1.259038128233639364e-01
1.293919483447675822e-01
1.255031474962666760e-01
1.244886777615952372e-01
1.297160407731811071e-01
1.275230768304801421e-01
1.252550098697006731e-01
1.267957147525133887e-01
1.283417992260789953e-01
1.283745082623851952e-01
1.272241660296300758e-01
1.237710336917618448e-01
1.183838203564395730e-01
1.220016005232763961e-01
1.238538268670420911e-01
1.280038341573335181e-01
1.215289627601133654e-01
1.330496855070994466e-01
1.297859194853563658e-01
1.284269770154523593e-01
1.303608942956489825e-01
1.266452085324475951e-01
1.300800985907184515e-01
1.252212502050518705e-01
1.263833663006564967e-01
1.263949215043735919e-01
1.272597259172047468e-01
1.217645245398170512e-01
1.294505061377454469e-01
1.270180446005078345e-01
1.284946487109775437e-01
1.296838995041576514e-01
1.255863790081307996e-01
1.236215538638444772e-01
1.266430213414915795e-01
1.231742559593619890e-01
1.261488165069335199e-01
1.260809854855877710e-01
1.273152229716781325e-01
1.245679835814713504e-01
1.269470824439592749e-01
1.290054763651564407e-01
1.272519732929769387e-01
1.286600258690217269e-01
1.246069908189772757e-01
1.328864752904716506e-01
1.310583632838522306e-01
1.316674240024384712e-01
1.245140837384707544e-01
1.265557976671882190e-01
1.296473538150401950e-01
1.221981770770048659e-01
1.269193437675456837e-01
1.296584947074045369e-01
1.274435962570472092e-01
1.240760245093515401e-01
1.280401274782972387e-01
1.262525108585139388e-01
1.295995656396753404e-01
1.293967974148087230e-01
1.348679974456782615e-01
1.208684059330931426e-01
1.292072216727441214e-01
1.294792629026040864e-01
1.260864371533535755e-01
1.238744282548976255e-01
1.255097987222078548e-01
1.279724306350493723e-01
1.255541294073108660e-01
1.248452238138409859e-01
1.238964390298021995e-01
1.264835058440073323e-01
1.245759606854522084e-01
1.232971805340206395e-01
1.242165579495568828e-01
1.258385016438622606e-01
1.300116020948233198e-01
1.240365282720675977e-01
1.205653038327910431e-01
1.259938494130768971e-01
1.292840215591504471e-01
1.246934273562757545e-01
1.215023932026398773e-01
1.308459651672727320e-01
1.326202191161436339e-01
1.239570981498686608e-01
1.266851625921489588e-01
1.274269613460294881e-01
1.226881698831874534e-01
1.314008018435427194e-01
1.230545031678558776e-01
1.359318137798946613e-01
1.230506285330771749e-01
1.218507970841730820e-01
1.269603854083437289e-01
1.310221125214331706e-01
1.273081687404997164e-01
1.307935075300089844e-01
1.240824923511107264e-01
1.219426660820253638e-01
1.252532019659564899e-01
1.274372192339112697e-01
1.258039741736321215e-01
1.292981604133485729e-01
1.309549592609731694e-01
1.277050103999337605e-01
1.364353459599857987e-01
1.333859991301301340e-01
1.318005510140401182e-01
1.272392999967698612e-01
1.285987772053572287e-01
1.552901628678242663e-01
1.530188013289491833e-01
1.565102830385700361e-01
1.504191806124567377e-01
1.518846817965275320e-01
1.539873447014417918e-01
1.505795380981897469e-01
1.612172235384212726e-01
1.577942958597795542e-01
1.573448219126216685e-01
1.579175504920801165e-01
1.990057170840177081e-01
1.563061619263912960e-01
1.591289830079938572e-01
1.548589386746347107e-01
1.687215461354016344e-01
1.315203859156759969e-01
1.202357056984460631e-01
1.313535836724351036e-01
1.241290091718557365e-01
1.275144913989103290e-01
1.247578491148348817e-01
1.231123103115944195e-01
1.209037581914656490e-01
1.245587559077218492e-01
1.256013427312091257e-01
1.256022398281810004e-01
1.282665325776401744e-01
1.280862329253767973e-01
1.258455913913524293e-01
1.273318924422116583e-01
1.354460905193304310e-01
1.233503600602574440e-01
1.207631511840809718e-01
1.210531613471709927e-01
1.316705811343648336e-01
1.357622831084365211e-01
1.247469149732189225e-01
1.279198654457187334e-01
1.252012422232470223e-01
1.314089437296952212e-01
1.257136076540446568e-01
1.252473127239356054e-01
1.340503597865980723e-01
1.274636205696016988e-01
1.234059375785742790e-01
1.261159911326866501e-01
1.290107781497657757e-01
1.252664195409670389e-01
1.257845505778946993e-01
1.261736918748101177e-01
1.262126919140357240e-01
1.300468948225957933e-01
1.258232576362436350e-01
1.220681624534582094e-01
1.382409900023190974e-01
1.225536095967699329e-01
1.276350928176001043e-01
1.299257273259239454e-01
1.229107610084435864e-01
1.210245926241602377e-01
1.221039302736013354e-01
1.264792961535879112e-01
1.282962314513080848e-01
1.262746081835213752e-01
1.341341331895106181e-01
1.212076875656745156e-01
1.247588867344537056e-01
1.263891159968223155e-01
1.236038566726225529e-01
1.288013356727818470e-01
1.287016601816480810e-01
1.231781924248256666e-01
1.247046541227449096e-01
1.313778815937281519e-01
1.218869641805971071e-01
1.292676081698768964e-01
1.220412508163159493e-01
1.341156544824669561e-01
1.206680685479738779e-01
1.262905101581658918e-01
1.257364514635652408e-01
1.273319258907444629e-01
1.267183582652718632e-01
1.275009809734699295e-01
1.262492966330983069e-01
1.202272320227371905e-01
1.318439877078600442e-01
1.256181637353523672e-01
1.288009353284952641e-01
1.209993508690784814e-01
1.182391079902088277e-01
1.265631215541592192e-01
1.253946838635574546e-01
1.274446057253913467e-01
1.236543009356805278e-01
1.277823343083397400e-01
1.251749014123640369e-01
1.218855809636109899e-01
1.298393242011785798e-01
1.322135275389021425e-01
1.247739208509709014e-01
1.213502725831484552e-01
1.305714575983754899e-01
1.246542141928662084e-01
1.255844584953859089e-01
1.233544760188865913e-01
1.252901340294880206e-01
1.231309965640761533e-01
1.297682986048862841e-01
1.292660481521370475e-01
1.232433768003101393e-01
1.226366270450808121e-01
1.207466370745622630e-01
1.343762579475392682e-01
1.236882103617096829e-01
1.366531101130153691e-01
1.311039749105369634e-01
1.303686040148334391e-01
1.296847255209963579e-01
1.263718047790719501e-01
1.236421449705165376e-01
1.261115024176202581e-01
1.209390979783968173e-01
1.265892686013436186e-01
1.279203347733897100e-01
1.221778849009706458e-01
1.232714271469270984e-01
1.244637242923180842e-01
1.289795205912441789e-01
1.299812419860230661e-01
1.320074863880520422e-01
1.239366838539942561e-01
1.348130093968832877e-01
1.234927689932415751e-01
1.262979066834927777e-01
1.349207708296908670e-01
1.253036179650473536e-01
1.235852334573752931e-01
1.220689178538930802e-01
1.253933737275381155e-01
1.207568722760011815e-01
1.215650196717739662e-01
1.257495339276472057e-01
1.237401022166728093e-01
1.233302408220376678e-01
1.230069366629368555e-01
1.273864503718003249e-01
1.232457763361556324e-01
1.295909956651586092e-01
1.248340227356966453e-01
1.276999171696054647e-01
1.325686250536047828e-01
1.292192703336151327e-01
1.239380636898405053e-01
1.268804663745549122e-01
1.383731328924526771e-01
1.282115516945970812e-01
1.256774532394829003e-01
1.247618095004142946e-01
1.284604325481621678e-01
1.230327374682526204e-01
1.271937971378467869e-01
1.299908380842302036e-01
1.302333060188986813e-01
1.323327400690855749e-01
1.254898448653523069e-01
1.263898325600549266e-01
1.279717829331020740e-01
1.263915071530380130e-01
1.233765635741830985e-01
1.226905725096714417e-01
1.225284336690023873e-01
1.213397194446915878e-01
1.231754481744496144e-01
1.301409700647647438e-01
1.214802667470733510e-01
1.237939420139382990e-01
1.276438508457183318e-01
1.350689782156901941e-01
1.282115312331532642e-01
1.222960281607053112e-01
1.250972318133012351e-01
1.261700202318028208e-01
1.237166149783145569e-01
1.230165426857842137e-01
1.257293640941581359e-01
1.303795528317832075e-01
1.234587214465090454e-01
1.246490802799447295e-01
1.301515984938682036e-01
1.259294029758104283e-01
1.253957428119784334e-01
1.210013723337432512e-01
1.247824691598964364e-01
1.290109158608609419e-01
1.279353207075586973e-01
1.234204157322156686e-01
1.264859174008746145e-01
1.273897749348456843e-01
1.267215453159235838e-01
1.193366136107891634e-01
1.222357032942855831e-01
1.279789652287434965e-01
1.223321044991522721e-01
1.251845814526643952e-01
1.317713486008401380e-01
1.255466504735046063e-01
1.334911025040801669e-01
1.249783581991739667e-01
1.176116823138983608e-01
1.266818297416483774e-01
1.276516331485084976e-01
1.268854809197272338e-01
1.198101858739045456e-01
1.301135317432498550e-01
1.305923498717191100e-01
1.339027643817227720e-01
1.241645939813122573e-01
1.257529537724591528e-01
1.217010301364067071e-01
1.279718994475650962e-01
1.244420207423380942e-01
1.216586341403323862e-01
1.338809690168287214e-01
1.212291825874301926e-01
1.307924220724352993e-01
1.292222225352532838e-01
1.279672135148681444e-01
1.275290644557528497e-01
1.272299456152659602e-01
1.273536647695377999e-01
1.256352052019003573e-01
1.226024027433497976e-01
1.282216245808295296e-01
1.298168636827821409e-01
1.378326457164001928e-01
1.350030207355406575e-01
1.238359935761451508e-01
1.263785315016567323e-01
1.300175442912396007e-01
1.312767818249022667e-01
1.304728971763133849e-01
1.266384381736912756e-01
1.228637777046838464e-01
1.328979366961695052e-01
1.265101218986569298e-01
1.331636785881749885e-01
1.266784279583594575e-01
1.291295769312880148e-01
1.289549625381710696e-01
1.315477437251569293e-01
1.284630510365348255e-01
1.224900563826051558e-01
1.332808892462604144e-01
1.285451688961556371e-01
1.317637009617475541e-01
1.207324781971328281e-01
1.280942254808484781e-01
1.221628549932868291e-01
1.304599698351797676e-01
1.293267237005970571e-01
1.539475765984341660e-01
1.250728796131176657e-01
1.278111351884831937e-01
1.205812935137156733e-01
1.309305997607305150e-01
1.306745753420605893e-01
1.300213209386756885e-01
1.184371884342963477e-01
1.251937232306251091e-01
1.214297394694281995e-01
1.293524068525694626e-01
1.223053307502999371e-01
1.235154223170415455e-01
1.235046485250454185e-01
1.336118817484688304e-01
1.306283281217938963e-01
1.218098828161080921e-01
1.309640710402940611e-01
1.224206890197479525e-01
1.301580734358007974e-01
1.246804215380248604e-01
1.221724151396011010e-01
1.250481126248935981e-01
1.240475402191420495e-01
1.229517485154648093e-01
1.252375250648379013e-01
1.251823078653541699e-01
1.200212515168559146e-01
1.283085643960404365e-01
1.251033129272896560e-01
1.272443539065553075e-01
1.263953105425560386e-01
1.248384144213330882e-01
1.272996261309236044e-01
1.251479258772203729e-01
1.279525853560912196e-01
1.219203651145627926e-01
1.302743556987241424e-01
1.201117177743303566e-01
1.247236765011692922e-01
1.260008179777686865e-01
1.224970736417149292e-01
1.233129714506909919e-01
1.312391103153114635e-01
1.302621415189292031e-01
1.256324393542566364e-01
1.241640313395087902e-01
1.296389470629544238e-01
1.273687926727604391e-01
1.225579017455685482e-01
1.265431675288223590e-01
1.308596176076634032e-01
1.291317827118630968e-01
1.280850897951351375e-01
1.235471861883029737e-01
1.244271774097646249e-01
1.214255766888528154e-01
1.343198980035253398e-01
1.228100112011382694e-01
1.202518123960538421e-01
1.244702204260972611e-01
1.258241219824899892e-01
1.300837929729326548e-01
1.283507592489277205e-01
1.264792511000407960e-01
1.314802697075443394e-01
1.252218830315093290e-01
1.239254535544112440e-01
1.226512001764579335e-01
1.335197746142695596e-01
1.237645734060313085e-01
1.251895182011959762e-01
1.215433044985754080e-01
1.275750453428988740e-01
1.304588154378047982e-01
1.234478022233055222e-01
1.266796364052831525e-01
1.213872245531504163e-01
1.240776464701189574e-01
1.245491553257053186e-01
1.213941650469768652e-01
1.258601797354828578e-01
1.270473103417617267e-01
1.226741954440273008e-01
1.244334707340826879e-01
1.330686224605523993e-01
1.302823379781569979e-01
1.243689218479087505e-01
1.236371689191550494e-01
1.255609598855071396e-01
1.192076460642229052e-01
1.273091352645561447e-01
1.266540056748967358e-01
1.208846443808497817e-01
1.218356232000595007e-01
1.257454557979116316e-01
1.286721850824558144e-01
1.341379653940962258e-01
1.229922849175318633e-01
1.233088911977371777e-01
1.241363908086403067e-01
1.287581082139756528e-01
1.214099632834161752e-01
1.253742267860486204e-01
1.263544553705693296e-01
1.188390355612856386e-01
1.223340873706233733e-01
1.274432852831876295e-01
1.279239970468291354e-01
1.212801185676266602e-01
1.184520862537494640e-01
1.273482696728476249e-01
1.279480292733053137e-01
1.299926982777040441e-01
1.320687641200950502e-01
1.279669655217262614e-01
1.212612771438268816e-01
1.275652884711327428e-01
1.266915810047941626e-01
1.256670999585876303e-01
1.254641613511782439e-01
1.249122818970080928e-01
1.249945950047188642e-01
1.223414154154648659e-01
1.220826505477668883e-01
1.191096322894347748e-01
1.350230806763986768e-01
1.295764745257768635e-01
1.240337346397499402e-01
1.275197636286972136e-01
1.241306122120765520e-01
1.212827652591269845e-01
1.240710543851941822e-01
1.217047668074503208e-01
1.176603240233511649e-01
1.270589947436590039e-01
1.213225935198095629e-01
1.206572998922872120e-01
1.262774381125678635e-01
1.281624847692705571e-01
1.199257599237310429e-01
1.276449013526978760e-01
1.250903584982608063e-01
1.255012166822749853e-01
1.271536754487171128e-01
1.198349471621424078e-01
1.312916257027307299e-01
1.328626689274491346e-01
1.251186099832696796e-01
1.297193725472993719e-01
1.258510345667795405e-01
1.245317940815974800e-01
1.247570408587184432e-01
1.287004958892339901e-01
1.193742405523773309e-01
1.238944076873695760e-01
1.252820647425510747e-01
1.308234958612582155e-01
1.252023405657610167e-01
1.222642454475436763e-01
1.305926954927092709e-01
1.262419494902199402e-01
1.222712545711976406e-01
1.312329393354764728e-01
1.207419398260670684e-01
1.246192470466387231e-01
1.296772135892041156e-01
1.242352200077286584e-01
1.215803583210671168e-01
1.228942053509069487e-01
1.239278826828973945e-01
1.238078969088275555e-01
1.259330245443356644e-01
1.256208925664973330e-01
1.324262429878695357e-01
1.252846139195400443e-01
1.346377958924358520e-01
1.214168270580493203e-01
1.327947746111531602e-01
1.203044344637020369e-01
1.267380728635855991e-01
1.265287926597600809e-01
1.349882825637692130e-01
1.289026941919598768e-01
1.289970566148067321e-01
1.215688014082974416e-01
1.297014684048030664e-01
1.328452930457692527e-01
1.215327087145692542e-01
1.272282727010876635e-01
1.180245995882792664e-01
1.253317445278811504e-01
1.268561517741747247e-01
1.279327349888242649e-01
1.312647227344827805e-01
1.251679418891197271e-01
1.279522385253746286e-01
1.248381152700379915e-01
1.252607545042410120e-01
1.306684866372818388e-01
1.315626119095304469e-01
1.257307256895472958e-01
1.229099467399404899e-01
1.200817497570843551e-01
1.261323909737527282e-01
1.272798782638175641e-01
1.221256624944650482e-01
1.238808589768013030e-01
1.328833865806181569e-01
1.223686712932575138e-01
1.256521475964305079e-01
1.210690790737485034e-01
1.257787111374403244e-01
1.310087972466483786e-01
1.235291109276363680e-01
1.244942713950132895e-01
1.280327536584397741e-01
1.247100450343314182e-01
1.244827732108977347e-01
1.293842592248151957e-01
1.256274300298146351e-01
1.226912805688721991e-01
1.266857385567461414e-01
1.227373759699343370e-01
1.249584266936483723e-01
1.317624212578236698e-01
1.295851812841052331e-01
1.278244669830089775e-01
1.188140902003456956e-01
1.250389989087233866e-01
1.217727877585415286e-01
1.264879309604163837e-01
1.261021511554063501e-01
1.310609751032289771e-01
1.248569412264335238e-01
1.294654144432402232e-01
1.260653274774145571e-01
1.277445872216352307e-01
1.268223882645417022e-01
1.237030343852439929e-01
1.221714115567819059e-01
1.218817665469552058e-01
1.261865573552554687e-01
1.370314708071810883e-01
1.288018483091776245e-01
1.294598694752712442e-01
1.218077210641769770e-01
1.240387296121675947e-01
1.296523014882726976e-01
1.235258931474588623e-01
1.296101909951439257e-01
1.203446777742875062e-01
1.273384217718263045e-01
1.199059752974774851e-01
1.268440836795272086e-01
1.252037073031066206e-01
1.311812694824459058e-01
1.257483431651272021e-01
1.268396312111371438e-01
1.281366289026647787e-01
1.265427738690770854e-01
1.282118549233242921e-01
1.251082060410243502e-01
1.245710811075185914e-01
1.249923750195599814e-01
1.198728654226743767e-01
1.231296390841428723e-01
1.263407089697966557e-01
1.301718632071102166e-01
1.358533686603810575e-01
1.274563121119036968e-01
1.246472197478072919e-01
1.307635698638221766e-01
1.244576882526329115e-01
1.250466366178680788e-01
1.252058307732968612e-01
1.291762022442752844e-01
1.250841185387638332e-01
1.260710229432626117e-01
1.242861743964330939e-01
1.253930528600292749e-01
1.229583383316698031e-01
1.220688201438354936e-01
1.311450644877090455e-01
1.257292692001761303e-01
1.243640713610434934e-01
1.214949713415742483e-01
1.229221429737945154e-01
1.248102572244958047e-01
1.296686578852072336e-01
1.361001560634260699e-01
1.352686907760700663e-01
1.288226252946356731e-01
1.204718090649960216e-01
1.224878889857194952e-01
1.255993641595816446e-01
1.281230277938800455e-01
1.246561239766293405e-01
1.294786424122599255e-01
1.292204331575719234e-01
1.309141851237159426e-01
1.194162176365274886e-01
1.310569891033512013e-01
1.206823064804606604e-01
1.253269985519980256e-01
1.220644589569890859e-01
1.292944517079031852e-01
1.230373714841791755e-01
1.257170355257340444e-01
1.292176092635577145e-01
1.267846842445076727e-01
1.288422915582591588e-01
1.332610117250296877e-01
1.274531345618626355e-01
1.285936547379952222e-01
1.278628399658235382e-01
1.289429678438724358e-01
1.212430445614587210e-01
1.259171601644993865e-01
1.264147730889464416e-01
1.235561787697878472e-01
1.267892984769591613e-01
1.266014266582550507e-01
1.269667048834759449e-01
1.252526364712670537e-01
1.303666543211799422e-01
1.291682371969583576e-01
1.249788732236154637e-01
1.252826794640618524e-01
1.240667677404485858e-01
1.305498354735594169e-01
1.206026854443205398e-01
1.279180247023083417e-01
1.233697532861268431e-01
1.271911394060879497e-01
1.236995503640980626e-01
1.303655947990747521e-01
1.319275719804916258e-01
1.307641832103756674e-01
1.264626410461288653e-01
1.248872609646994453e-01
1.236017504222931690e-01
1.230981278893498593e-01
1.334309145309918454e-01
1.336627697001964432e-01
1.262484691519028812e-01
1.232926903666274887e-01
1.194069001206653768e-01
1.259079444451307039e-01
1.204054477236190523e-01
1.269250026139771559e-01
1.254832594734536788e-01
1.330550174622438520e-01
1.252711666608368191e-01
1.196726662907394573e-01
1.249057690107399365e-01
1.206117292630760202e-01
1.210020544676009002e-01
1.316980078416123967e-01
1.244616794698561874e-01
1.274567474681813639e-01
1.280424501621133526e-01
1.309258537505719189e-01
1.334676363324878712e-01
1.197075079360932215e-01
1.276193125857653377e-01
1.324176247995013100e-01
1.236316450674037337e-01
1.236467781443981312e-01
1.295037528980952368e-01
1.317825736666987657e-01
1.307999903836248035e-01
1.266901157444626502e-01
1.232759096348755301e-01
1.283886007776359750e-01
1.282657482112807557e-01
1.263678071266698677e-01
1.324643965932234824e-01
1.227940304286810336e-01
1.297148172780600572e-01
1.226942479815432002e-01
1.191146139366319745e-01
1.199931914410344580e-01
1.351461538138631346e-01
1.235980153274453819e-01
1.279387223909723426e-01
1.266409554980893748e-01
1.281590780221489312e-01
1.200705068438094048e-01
1.200889611791087219e-01
1.284731440271097980e-01
1.257250006316836810e-01
1.262254984138556635e-01
1.256570237361928633e-01
1.218062439713612222e-01
1.252842027565896632e-01
1.369876037211273379e-01
1.340678461060303417e-01
1.330510646259535357e-01
1.314475059968086001e-01
1.276244038483706489e-01
1.209056774775651710e-01
1.269238646481924970e-01
1.172799920177439448e-01
1.278341408180740657e-01
1.265004593118529419e-01
1.362415309908265593e-01
1.223470180390514167e-01
1.231638546655539207e-01
1.255783626664179753e-01
1.259263555073523722e-01
1.297479565831084480e-01
1.269979210120540380e-01
1.314849947423223919e-01
1.294105803863767334e-01
1.216083744860770310e-01
1.305290314856751011e-01
1.251660489456984382e-01
1.209430862487535507e-01
1.260638393358360365e-01
1.328141003012348331e-01
1.271634160788331358e-01
1.266671112879887984e-01
1.230910056166908129e-01
1.287163412745228053e-01
1.248899378019072831e-01
1.298824058217368238e-01
1.243543005304382776e-01
1.215131225085005207e-01
1.306271999666926975e-01
1.239364435074304382e-01
1.280535332731247422e-01
1.341099000092264570e-01
1.251775902988441769e-01
1.285312834431252826e-01
1.233672454144912611e-01
1.328906676580343948e-01
1.253859369624807096e-01
1.292825665453437023e-01
1.217815709227341447e-01
1.242966700984787232e-01
1.294802357131830672e-01
1.252209695558622049e-01
1.244383931428480750e-01
1.188866216634187623e-01
1.255047770802925067e-01
1.237277153342175584e-01
1.269585896358416122e-01
1.354177361345831332e-01
1.320771178739100216e-01
1.243237861116988641e-01
1.249616597144140862e-01
1.232455151160825463e-01
1.236234195160623162e-01
1.231384803907696751e-01
1.276213118998146545e-01
1.286379079581384532e-01
1.325074560452544348e-01
1.227899548097169530e-01
1.254323925589694577e-01
1.269141981162869581e-01
1.289558610136917749e-01
1.262383108754403516e-01
1.309819599568058102e-01
1.307106671304396062e-01
1.291820968772822709e-01
1.323737753917141879e-01
1.277030908354682692e-01
1.232265645866808673e-01
1.261656734197728613e-01
1.237019735851172531e-01
1.288059909506837630e-01
1.261374144278944731e-01
1.254161212036720985e-01
1.268120581435535077e-01
1.210135367862468642e-01
1.283900484330465774e-01
1.341208104192163908e-01
1.271611774946278806e-01
1.298937101946013306e-01
1.252391096416203831e-01
1.233010730937789401e-01
1.307902098085464981e-01
1.255971542823516862e-01
1.299875621805507142e-01
1.264916503034128059e-01
1.259637933766453999e-01
1.333046989563866636e-01
1.226996315144767979e-01
1.227957294620552475e-01
1.254580356237813277e-01
1.225805126609238599e-01
1.305238924112299137e-01
1.259052645998105513e-01
1.277772180946721292e-01
1.228911177546720968e-01
1.281305624015847411e-01
1.239500570454505485e-01
1.214568062075816884e-01
1.319739125924488388e-01
1.292721484436497592e-01
1.270253283694249558e-01
1.276017334692161609e-01
1.244300017425758187e-01
1.270081980896859974e-01
1.333007337559042882e-01
1.277284629187894482e-01
1.289763480101306925e-01
1.238215949354451451e-01
1.202836644324837834e-01
1.243110599615567524e-01
1.258092042081238593e-01
1.319225453932421632e-01
1.276390521953852664e-01
1.223164448727499798e-01
1.288343369727319165e-01
1.271598958604166218e-01
1.259332295101402988e-01
1.310864860328795345e-01
1.242470012008359825e-01
1.248469612750245927e-01
1.291603945393466624e-01
1.231481410521274994e-01
1.203511360059351665e-01
1.344767897429026970e-01
1.217071986640734793e-01
1.245092062870615940e-01
1.254971370381620654e-01
1.309561517528746721e-01
1.316158353752093502e-01
1.216652985030324680e-01
1.231669660420856571e-01
1.244055338004180222e-01
1.292924459120438074e-01
1.342390665789939819e-01
1.298995264319824094e-01
1.271429304322002907e-01
1.248401030329042150e-01
1.201614289376168598e-01
1.219899414125481807e-01
1.301912609295219903e-01
1.244455718906024994e-01
1.236681776288325318e-01
1.220904449848841666e-01
1.288145800458422308e-01
1.248963311280503613e-01
1.264252114948373196e-01
1.282356831177069445e-01
1.298517730270857817e-01
1.282760701161029804e-01
1.278661399505157670e-01
1.226921881980279905e-01
1.305696188300502769e-01
1.201894948809580782e-01
1.288901141733933275e-01
1.230048625758039527e-01
1.329188338939410186e-01
1.290155170227774428e-01
1.235312873389382421e-01
1.267183804203021735e-01
1.329444941406200120e-01
1.244039320525023723e-01
1.250753798246828641e-01
1.189517435568748366e-01
1.219104325422943474e-01
1.224964927206328158e-01
1.286461004314244094e-01
1.239970684607294982e-01
1.239894241802457359e-01
1.214147792635845713e-01
1.256387040946620459e-01
1.276473444489165388e-01
1.331171370958178501e-01
1.280055222480039334e-01
1.249920909072830960e-01
1.335055362341173724e-01
1.257500842481581727e-01
1.264307393575990757e-01
1.325493843212171841e-01
1.313375494259418907e-01
1.310960942127425977e-01
1.221647350660367282e-01
1.271791341515783880e-01
1.274058167604683045e-01
1.287892286600436087e-01
1.265859634625001451e-01
1.280417826102911993e-01
1.355589131417839766e-01
1.229851436167433698e-01
1.247534689060685181e-01
1.249295415865340902e-01
1.218988086103588026e-01
1.279810693155850054e-01
1.267069726587951861e-01
1.232587507077936018e-01
1.216399047942086781e-01
1.232640782367882271e-01
1.241273260986884702e-01
1.259223210816801108e-01
1.228516348128179114e-01
1.235298690874659794e-01
1.305072032780935087e-01
1.266512723206505431e-01
1.236336042879467162e-01
1.295374997782463011e-01
1.269668149223235343e-01
1.221409373655771013e-01
1.334299820370932754e-01
1.277761627037993508e-01
1.265939488461055307e-01
1.251050952021381391e-01
1.252820920690196349e-01
1.204988515226869811e-01
1.226583889058489446e-01
1.234600842072533650e-01
1.254236241609379687e-01
1.266067414524357226e-01
1.237933601096727204e-01
1.226113069310179882e-01
1.227714555133084667e-01
1.274607806954211608e-01
1.267687078988103955e-01
1.254503848791703735e-01
1.232858853208155664e-01
1.358163610441212865e-01
1.207508550199514752e-01
1.279358041878449759e-01
1.286161346763467495e-01
1.284771467390410926e-01
1.259075879322827940e-01
1.245604601180396453e-01
1.210739252878670486e-01
1.288442410739704669e-01
1.229084537613068656e-01
1.239175016507793603e-01
1.262043386312621807e-01
1.268061381900053020e-01
1.346792939806774891e-01
1.309943455731779616e-01
1.285066890448929855e-01
1.286769876344442398e-01
1.280426954572433662e-01
1.345727497171679832e-01
1.264265452934233980e-01
1.255969615540520889e-01
1.316774637092321121e-01
1.264223064566492583e-01
1.256449592323840292e-01
1.300076226976406013e-01
1.310501398279568797e-01
1.234879806913853073e-01
1.222425835301741287e-01
1.271406934257032495e-01
1.192621933772418652e-01
1.214227168571380966e-01
1.233213422268847614e-01
1.238472340367914037e-01
1.250271316767818386e-01
1.198864493132290460e-01
1.285836821337112967e-01
1.212832958811272815e-01
1.259180945445222966e-01
1.229655037925364708e-01
1.257823582436687349e-01
1.307856858304416448e-01
1.263940904694797474e-01
1.253549417527799470e-01
1.208485198570968255e-01
1.250632964959250693e-01
1.331962699711540521e-01
1.214596023740460717e-01
1.270978947683003013e-01
1.229936203887081747e-01
1.302021632848365806e-01
1.284319645097066753e-01
1.269509317595898523e-01
1.229246353435022310e-01
1.275084780065992573e-01
1.305229614423638052e-01
1.225217779408145080e-01
1.275069159105512995e-01
1.285777010164710354e-01
1.233151460166741348e-01
1.241028578723424314e-01
1.185293571826207260e-01
1.322313040421105867e-01
1.247957661645453242e-01
1.289296807705884174e-01
1.306671567093501962e-01
1.210346760684307688e-01
1.211251968518246153e-01
1.253874193120611269e-01
1.275702980115784591e-01
1.265544327609529618e-01
1.273533317796474995e-01
1.230703543969982328e-01
1.246364641209164459e-01
1.231328176384136469e-01
1.251314565356558273e-01
1.320861101970269569e-01
1.245498424310931829e-01
1.278282143619593747e-01
1.262217843570448417e-01
1.274546187119995899e-01
1.274289591912535213e-01
1.324824602310575861e-01
1.180863140607922301e-01
1.303231981749362334e-01
1.248941823714670163e-01
1.256988127357334672e-01
1.305962025680064698e-01
1.310779009987664556e-01
1.273182243920562562e-01
1.246807825909145850e-01
1.271572322026099378e-01
1.216922862802543165e-01
1.292505139899875477e-01
1.236806627785069501e-01
1.207294383541433896e-01
1.271564050269949342e-01
1.280197146303284628e-01
1.282797800046963366e-01
1.240975623328481325e-01
1.237014888519882561e-01
1.255314837553288543e-01
1.272618018788718441e-01
1.338882104171619236e-01
1.265419580514524078e-01
1.330538873662189259e-01
1.334773999906040398e-01
1.275325747126880849e-01
1.264182196945969894e-01
1.246680486833937895e-01
1.335365554914985931e-01
1.195195833299308869e-01
1.201703273095469510e-01
1.198631786962276180e-01
1.227868942095463878e-01
1.244229104368492628e-01
1.247754050775579659e-01
1.250085099979504066e-01
1.266161005982567311e-01
1.215644919724980233e-01
1.226344866980560583e-01
1.274553101591956450e-01
1.208558128374291885e-01
1.256091772367920745e-01
1.263811280356381128e-01
1.289767952531072071e-01
1.284698242981145155e-01
1.247299216353971174e-01
1.245870866915033820e-01
1.277589183266240880e-01
1.274683119427668654e-01
1.233604810878305563e-01
1.264703239953973435e-01
1.266548329543976670e-01
1.303319870805406955e-01
1.214291390276418803e-01
1.340801675727598952e-01
1.263952855292743704e-01
1.297545986168131271e-01
1.288205085737945121e-01
1.288205085737945121e-01
1.265674276744224447e-01
1.414883014014114149e-01
1.515813034635338785e-01
1.304667000933991683e-01
1.235183767374698760e-01
1.216138944045647985e-01
1.314624216169878179e-01
1.288252821971099249e-01
1.301135124665680487e-01
1.250602742565409820e-01
1.231886418465334837e-01
1.232385421982754720e-01
1.273788269313808619e-01
1.286960298412709314e-01
1.288788722159210365e-01
1.313831718335300436e-01
1.245893888062707539e-01
1.237665784863595797e-01
1.260825913782007701e-01
1.328364060412913217e-01
1.208612471733772897e-01
1.207360181285213885e-01
1.293574470783083186e-01
1.239070359823188916e-01
1.247481546509441597e-01
1.261869029929659214e-01
1.268718335532782737e-01
1.256448415799311102e-01
1.236556915378878851e-01
1.333140306608959214e-01
1.240648937277158692e-01
1.306825639083843971e-01
1.239319548370689528e-01
1.299207457514980069e-01
1.279566793566517813e-01
1.217790032440328740e-01
1.302472646473811224e-01
1.306269812062892943e-01
1.271809930635181551e-01
1.287242919785055173e-01
1.153340486548567745e-01
1.218420039767797586e-01
1.184299118608998780e-01
1.310219259467968189e-01
1.254103448617336358e-01
1.198266396342170248e-01
1.257152690476918966e-01
1.266499342544281648e-01
1.235638722983530835e-01
1.346952508397742942e-01
1.293640462675904879e-01
1.244115902230995552e-01
1.394562247674859812e-01
1.368550258824252075e-01
1.209547904245113215e-01
1.299929711496926599e-01
1.260383823248600876e-01
1.414354567512455529e-01
1.211106266999381620e-01
1.304591069018135319e-01
1.262476345901769326e-01
1.222473021787802983e-01
1.284936361029787033e-01
1.247321725343778637e-01
1.251395735188092218e-01
1.282207882639572749e-01
1.276889288890512841e-01
1.239277355099956818e-01
1.301430479054225264e-01
